periodIndex,arrivalEvent,requestStartWaiting,requestType,requestWaitingTime,totalInQueue,requestProcessed,totalTimeInSystem,requestCancelled,nextPeriodOptimalServers,CurrentPeriodNumberOfServers
0,43796,43796,0.6678463786647182,0.8248377050188443,10.541875970408256,43773,2.4936617773952663,2.0,18.0,12.084747309632023
1,34033,34033,0.6645902506390856,0.4253073647134979,4.467017306731702,34034,2.08957992196227,,13.0,9.51914955383823
2,24804,24804,0.6680777293984841,0.554685796174997,4.29894371875504,24807,2.2238609238096174,,17.0,6.8727398139414415
3,32683,32683,0.6653611969525441,0.5487480651589723,5.459780313924671,32673,2.212580387472703,,16.0,9.113623208459236
4,30526,30526,0.6702810718731573,0.5083321327559212,4.772849374303872,30538,2.179126483910998,,18.0,8.496876472829808
5,34905,34905,0.6679558802463831,0.6114317993206987,6.4279329608938545,34901,2.279203203153566,,24.0,9.736389159557474
6,46022,46022,0.6660510190778324,0.4783905744533907,6.597170918256486,46013,2.143845774640403,1.0,27.0,12.816112350033483
7,53393,53393,0.6654992227445545,0.7360600767101544,11.442604835839903,53392,2.402042596374539,,29.0,14.864296994153024
8,57085,57085,0.6686169746868704,0.6505455433457894,10.817657878602084,57080,2.3187030731715303,,32.0,15.833650715290489
9,62157,62157,0.6685489968949595,0.5177778468614673,9.415319272165645,62160,2.18687028224448,,32.0,17.387843637820193
10,63809,63809,0.6666614427431867,0.8175304125681406,15.056684793681143,63805,2.483463787367256,1.0,34.0,17.657170849538357
11,67742,67742,0.6687579345162529,0.7561298156428338,14.75812642083198,67736,2.424889500180544,1.0,33.0,18.79050252612763
12,66607,66607,0.6667016980197277,0.9483880222611675,18.127419040040838,66599,2.61586539471119,3.0,32.0,18.453593532789707
13,63749,63749,0.6654378892217917,0.7556673147079577,13.93352052581217,63754,2.421457461761494,2.0,32.0,17.704055292363737
14,63869,63869,0.6675225852917691,0.8123034194447758,14.947564546180462,63882,2.481059662770408,,30.0,17.670835535425216
15,60349,60349,0.6658436759515485,0.9025011542076891,15.684750368688794,60331,2.5684245125999468,5.0,31.0,16.751245546072255
16,60588,60588,0.6684987126163596,0.6213648771667807,10.97499504852446,60611,2.291038565630658,,30.0,16.78409959845022
17,58754,58754,0.6669503352963202,0.5933525684678744,10.174881710181435,58743,2.2606953762606476,,31.0,16.34093348977934
18,62256,62256,0.667517990233873,0.8544478512054285,15.316001670521716,62254,2.521605540626853,2.0,33.0,17.324049354873257
19,65739,65739,0.6687810888513668,0.755270682378421,14.308401405558344,65718,2.4231643478508427,3.0,34.0,18.326311797712588
20,66856,66856,0.6719516572932871,0.6472058403371426,12.5488363048941,66873,2.318553528153365,1.0,32.0,18.58709445542389
21,63685,63685,0.6635628483944414,0.7521956397364505,13.844264740519746,63688,2.4153027143159824,,29.0,17.685767071590874
22,57139,57139,0.6648873798981432,0.6436023151978257,10.751430721573707,57142,2.3082824045666595,,27.0,15.87805667543467
23,54496,54496,0.6645808866705814,1.0269082219427141,16.161736641221374,54485,2.6914988478325004,8.0,20.0,15.016547338017787
24,38138,38138,0.6649011484608527,0.4751889360385617,5.498688971629346,38172,2.140361304608835,,17.0,10.585425840292519
25,32356,32356,0.6649462232661639,0.473519640796624,4.704011620719496,32352,2.139001636386462,,16.0,8.925062727939228
26,31177,31177,0.664913237322385,0.651926267958937,6.139397632870385,31180,2.3181721102723816,,16.0,8.626748674442245
27,30060,30060,0.6628409846972722,0.397243735380297,3.737924151696607,30064,2.0584046241729883,,16.0,8.377313231044235
28,30902,30902,0.6705391236813151,0.615896483476685,5.799301016115462,30894,2.285411874515609,,19.0,8.589267877845945
29,35769,35769,0.6670860242109089,0.39999701240802266,4.406049931504935,35771,2.068723310376605,,24.0,9.921599739130087
30,46711,46711,0.6658388816338764,0.5599180319323821,7.733788615101368,46703,2.225124410438891,2.0,27.0,12.954296356357599
31,53085,53085,0.6654045398888575,0.6377931677950135,9.925609870961665,53069,2.303829526920353,,30.0,14.726410749201017
32,59399,59399,0.6657351133857472,0.705290934171925,12.168386673176316,59417,2.3708759074993546,2.0,31.0,16.536239514061563
33,62253,62253,0.6662490161116733,0.8901388325910564,15.960082245032368,62239,2.555870572959701,8.0,33.0,17.274979496993936
34,64418,64418,0.6646123754230184,0.555341363137818,10.437548511285666,64418,2.219629552214521,,34.0,17.936953824613788
35,66636,66636,0.6659013146047181,0.586477880628168,11.356158833063208,66631,2.2522958087197016,,33.0,18.50827281417809
36,64533,64533,0.6650705840422729,0.561545114051232,10.60226550756977,64531,2.2252258421291993,,32.0,17.922097621928234
37,64679,64679,0.6651308771007591,0.9312774497786036,17.294871596654247,64658,2.5950889498167897,4.0,32.0,17.919335600442388
38,62452,62452,0.6654070326010376,0.5588878029714544,10.181067059501697,62478,2.2258866366647934,,31.0,17.378448004121957
39,61249,61249,0.6665414945550131,0.6927457457556633,12.307515224738363,61252,2.360028950203284,4.0,31.0,17.055476541421257
40,60908,60908,0.6654462467984501,0.6030979829224924,10.714093386747225,60908,2.2682372391310013,,30.0,16.917365779161866
41,60368,60368,0.6649715080837529,0.9313586860588982,16.194175722236945,60354,2.597251335344977,5.0,32.0,16.723428769580163
42,62343,62343,0.6685594212662207,0.561400132119294,10.220730474953083,62359,2.2303187955097212,2.0,32.0,17.3577814192512
43,63812,63812,0.6658622202720491,0.8018339958543328,14.792327461919388,63800,2.4676994079380616,8.0,34.0,17.620770582373893
44,67798,67798,0.6670108262780613,0.752850674870909,14.702321602407151,67803,2.420390915041885,1.0,33.0,18.79969171761586
45,65219,65219,0.6683788466551158,0.6702031272855694,12.667964856866863,65226,2.3388700540820335,,29.0,18.162447712348985
46,58130,58130,0.6618269396180974,0.842897321582539,14.157887493548943,58128,2.5053593367158373,,28.0,16.126142938346227
47,55857,55857,0.6662549009076749,0.7872565250003175,12.757971248008307,55853,2.4533963982730524,1.0,23.0,15.455627194536111
48,44365,44365,0.6708441338893272,0.5147985362657754,6.826552462526767,44370,2.185335995611097,,18.0,12.257914347422517
49,35205,35205,0.6664394262178668,0.7136504482415904,7.505354353074847,35225,2.3817392455159805,3.0,17.0,9.736738102083315
50,31992,31992,0.6683545886471618,0.3914115096021576,3.9001625406351588,31981,2.0581995959149086,,15.0,8.89104084882255
51,28112,28112,0.6679709732498577,0.43903441799017984,3.8711226522481503,28125,2.1091133394146597,,17.0,7.790977810153165
52,32309,32309,0.6636231390634189,0.468787978840134,4.65730910891702,32305,2.13252209247249,,21.0,8.956552082634877
53,40187,40187,0.6636972155174559,0.4719224419615374,5.74663448378829,40180,2.134423787082164,,26.0,11.22398631692743
54,50268,50268,0.665532744489536,0.5200814991997034,7.750934988461845,50263,2.1847914827182913,,31.0,13.931584042481306
55,60847,60847,0.6656203263924269,0.6120552370380457,10.837921343698127,60841,2.2777322791042462,,32.0,16.8979211771863
56,63742,63742,0.6672366728373756,0.7881925413011927,14.49584261554391,63749,2.455900113196637,3.0,35.0,17.74365647966071
57,69414,69414,0.6663497277206327,0.7240316000571835,14.521436597804477,69392,2.391043725456467,,36.0,19.30213964430742
58,71994,71994,0.6675139594966247,0.8001547560346717,16.517779259382728,71988,2.4677409618549477,1.0,37.0,19.926742222142963
59,73054,73054,0.665740411202672,0.6556445207922627,13.848509321871493,73056,2.3211787222384643,2.0,37.0,20.32098150179042
60,72955,72955,0.664834487012542,0.630675047629297,13.301076005756974,72977,2.295921021734954,,35.0,20.28341733860703
61,70322,70322,0.6668183498762834,0.8671312894205064,17.47404795085464,70305,2.5332685205949708,,35.0,19.529646266411092
62,69780,69780,0.6659357982229865,0.767305880578224,15.423072513614215,69770,2.4324698770878737,2.0,35.0,19.345234779417957
63,68763,68763,0.6672629175574073,0.6003831413495795,11.957637101348109,68786,2.268026545953658,1.0,34.0,19.101960895116925
64,66878,66878,0.6638954514190017,0.6163333537924397,11.968106103651426,66884,2.2818507246776374,,33.0,18.581182581863107
65,65815,65815,0.6658512497151106,0.7904606844275711,15.020177771024843,65805,2.4571615105948656,5.0,34.0,18.287916025154658
66,66873,66873,0.6677881955348197,0.646362765954541,12.539231079807994,66872,2.3148207667398752,,35.0,18.664340560638006
67,70572,70572,0.666241568894179,0.9252241552295332,18.699200816187723,70565,2.591722057366689,9.0,37.0,19.609685013426255
68,73186,73186,0.6691170442434345,0.6859121007821352,14.470923400650397,73189,2.3568222878308402,1.0,36.0,20.243379338279006
69,71612,71612,0.667053007875775,0.7523595615577795,15.512204658437133,71607,2.4186460489433808,2.0,32.0,19.899517317409686
70,63325,63325,0.6637189103829452,0.6439493887245289,11.838973549151204,63335,2.307775216523654,,30.0,17.624263450346003
71,59542,59542,0.6664203419435021,0.719431239351347,12.418729636223171,59535,2.3865757833792616,1.0,20.0,16.462691322806172
72,39598,39598,0.6677357442295065,0.7493419077041131,8.75066922571847,39629,2.4177874091524325,,18.0,11.00586508055078
73,34282,34282,0.6702934484569162,0.46921963499564123,4.931246718394493,34273,2.1381235559534923,,15.0,9.499081395992315
74,28648,28648,0.6691915666015079,0.5482689110105117,4.846551242669645,28656,2.217473176629524,,16.0,7.929187792750079
75,30865,30865,0.6684594200550785,0.5803287778884926,5.4373886278956745,30868,2.248559088534064,,16.0,8.570827942201348
76,29940,29940,0.6694054776219105,0.39515844780868914,3.712057448229793,29947,2.0636891550716987,,19.0,8.308021657189846
77,37353,37353,0.6651139132064359,0.7401200972344294,8.211522501539367,37334,2.405259910765352,5.0,23.0,10.417295386370313
78,45488,45488,0.6672089342244109,0.7471052292828245,9.97412504396764,45480,2.4140025567537866,2.0,29.0,12.652682241149563
79,56276,56276,0.6657367261354752,0.5252540014971909,8.700316298244367,56274,2.1899329334202395,,30.0,15.644326875205836
80,59777,59777,0.6648209177442829,0.7603122728712277,13.148702678287636,59773,2.425618092252285,,32.0,16.516153250019943
81,63001,63001,0.6679100331740766,0.6641309243514317,12.11460135553404,63004,2.334116806526937,,33.0,17.500860225044864
82,64926,64926,0.6689307827372701,0.6504591739669621,12.26457813510766,64931,2.3202405521457945,,34.0,17.9559805028249
83,67134,67134,0.6671433252897191,0.6749445379370853,13.129934161527691,67117,2.342169631523139,,33.0,18.627099667076514
84,64804,64804,0.666980433306586,0.5896648792739057,11.113280044441701,64814,2.2571569019539153,,32.0,18.035320470499993
85,63980,63980,0.6675367302281963,0.8400466153357472,15.48812128790247,63969,2.5076365500336957,2.0,32.0,17.777159314214845
86,63192,63192,0.6669040384858843,0.6444720974381868,11.824060007595898,63217,2.311434349796244,,31.0,17.546975775779355
87,60780,60780,0.6638861467588022,0.577532541957324,10.239568937150379,60757,2.241319605702276,,31.0,16.83652083028404
88,60655,60655,0.6653037672079796,0.5887310552790748,10.421284312917319,60679,2.25444183902236,4.0,30.0,16.87314265883938
89,59531,59531,0.6658883606860291,0.7356621423278783,12.69177403369673,59518,2.4014691764567844,,31.0,16.5090695265759
90,62568,62568,0.663486127093722,0.9579204633158743,17.26668584579977,62543,2.6207237491437554,13.0,32.0,17.29319393736838
91,64263,64263,0.6653906602555125,0.9188563234038443,17.005166269859796,64276,2.5847220218493443,12.0,33.0,17.906614667588837
92,65905,65905,0.6646688415143008,0.7913237920979148,15.033821409604734,65904,2.4558859094516285,2.0,34.0,18.367895671585085
93,67412,67412,0.66317569572183,0.6667957770303018,12.98516584584347,67416,2.329998090595453,,29.0,18.794375053660538
94,57195,57195,0.6673485444531865,0.653245943814877,10.884500393391031,57211,2.3205299444830088,,28.0,15.852160702908897
95,55018,55018,0.6689810607437566,0.639581936626921,10.265676687629503,55018,2.30847415296088,,24.0,15.283075298121224
96,47266,47266,0.6667160326661871,0.6996030146887176,9.691406084712055,47280,2.3652851958776893,2.0,20.0,13.116328085151963
97,38879,38879,0.6704133336762776,0.634345286015002,7.344864837058567,38878,2.304421492967069,,19.0,10.750209912188916
98,35763,35763,0.6676453317674692,0.3855450807402834,4.247098957022621,35755,2.052397072122106,,19.0,9.922097738550864
99,36881,36881,0.6704807353379789,0.606288798187392,6.720994550039316,36881,2.2774261695881304,,19.0,10.306562456554506
100,37164,37164,0.6654558174577548,0.6591176938918025,7.319664191152729,37167,2.3246903014318816,4.0,23.0,10.310660360093866
101,44940,44940,0.6657320872274143,0.6340825717163805,8.452937249666222,44930,2.3009965003020145,,29.0,12.5755024454845
102,56721,56721,0.6665432555843515,0.5946790532826075,9.893249413797358,56711,2.260917474650528,,33.0,15.707269835309026
103,64900,64900,0.6677349768875193,0.6229096786256719,11.755392912172573,64916,2.2899863679491186,,36.0,18.005593962020527
104,71290,71290,0.6656473558703886,0.6776677646289554,13.9611305933511,71267,2.3440795339717324,,38.0,19.868547032051012
105,77080,77080,0.6654903995848469,1.00128734143426,22.013907628437988,77060,2.6668739786270037,18.0,39.0,21.34684426091226
106,77788,77788,0.6661438782331465,0.7952495418666983,17.735846145935106,77829,2.462788494487431,5.0,40.0,21.65348725001259
107,79725,79725,0.6662402006898714,0.7362455049538248,16.849808717466292,79700,2.4021813676343995,3.0,39.0,22.178942522750773
108,77252,77252,0.6670377465955574,0.6736092675666767,14.9748614922591,77258,2.3408277089010308,,38.0,21.40761108877494
109,76993,76993,0.6662943384463522,1.0009322682629929,22.020014806540853,76974,2.6676969858889406,14.0,37.0,21.339763368610473
110,75030,75030,0.6697720911635345,1.0422665646269436,22.28915100626416,75054,2.711506879733903,2.0,37.0,20.76851425835261
111,74801,74801,0.6656328123955562,0.9646795340103151,20.627170759749202,74794,2.6307649896163525,10.0,36.0,20.77508300255111
112,71587,71587,0.6638635506446702,0.7304421632210872,15.052802883205052,71601,2.395319805557887,2.0,37.0,19.977890458409995
113,73250,73250,0.6686962457337884,0.6629955979941442,14.00061433447099,73233,2.3310913014315906,,37.0,20.378234792132446
114,73664,73664,0.6663363379669852,0.7578913595662347,16.057164965247612,73677,2.424382611568168,4.0,38.0,20.370272993845173
115,76439,76439,0.6638626878949228,0.8649906897681989,18.910255236201415,76428,2.5285294406279215,3.0,40.0,21.250599194716735
116,79709,79709,0.6659097467036345,0.722378579219621,16.520882209035367,79714,2.388331718515235,4.0,39.0,22.18677429085019
117,77585,77585,0.6680930592253658,0.7646331827948231,17.05012566862151,77595,2.4331127578509526,,35.0,21.604601703539643
118,69403,69403,0.667737705862859,0.7214997962135796,14.4437416250018,69403,2.3899684476598173,,32.0,19.280001771135833
119,64300,64300,0.6676982892690513,0.8892204717929434,16.476267496111976,64270,2.5565742637798947,3.0,26.0,17.918663592020156
120,51329,51329,0.6622766856942469,0.673850524133867,10.09051413431004,51360,2.3361785833010322,,22.0,14.14691954881475
121,43514,43514,0.670267040492715,0.79472989266844,10.135726432872179,43529,2.464916663421328,1.0,19.0,12.058303886761816
122,35981,35981,0.6701314582696423,0.4250100790079061,4.684388983074401,35978,2.0942065161516785,,19.0,10.00942156555619
123,36834,36834,0.6694629961448662,0.5927835103449943,6.55027963294782,36832,2.261866745429115,,20.0,10.204160069023764
124,38367,38367,0.6695597779341622,0.5070397413939199,5.887116532436729,38373,2.178186021336829,,23.0,10.684121508786195
125,44902,44902,0.6661841343370006,0.6130744386761897,8.150995501313973,44900,2.2786559285714607,,30.0,12.518067363776456
126,60292,60292,0.6666721953161282,0.9290072102122842,16.12562197306442,60278,2.5973732465079706,2.0,35.0,16.768749813247123
127,70577,70577,0.6647491392379954,0.8980909023726911,18.17389517831588,70571,2.562546095559766,6.0,39.0,19.595559850525714
128,77137,77137,0.6637800277428472,0.6236555738831282,13.872797749458755,77127,2.287072445811775,1.0,41.0,21.353189986065964
129,81497,81497,0.666171760923715,0.7196902378527912,16.83783452151613,81498,2.3854671934126066,1.0,42.0,22.583962260565873
130,84167,84167,0.6708329868000523,0.838744239001931,20.16601518409828,84168,2.5087899511691676,1.0,44.0,23.377132330240666
131,87555,87555,0.666815144766147,0.7171663287362545,17.967997258865857,87555,2.3835863699824924,7.0,42.0,24.24831507867453
132,84921,84921,0.668562546366623,0.9332602546313593,22.573956971773764,84898,2.6013552641113358,1.0,42.0,23.5616086817299
133,83991,83991,0.6661785191270493,0.7781701006111822,18.676001000107153,84008,2.444353601366495,10.0,41.0,23.29656436046267
134,81622,81622,0.6657028742250863,0.7373104969443137,17.264744799196293,81635,2.4035923126690433,2.0,40.0,22.734307360494554
135,79434,79434,0.6697258101065036,0.704090011140732,16.04063751038598,79424,2.3726686772528716,2.0,40.0,22.01710808530517
136,78935,78935,0.6643947551783113,0.6282420039943271,14.28731234560081,78934,2.2926371117067346,,40.0,21.926295513846966
137,79009,79009,0.6669366780999633,0.6589184375336,14.97840752319356,79008,2.326295674818259,2.0,40.0,21.92393743503852
138,79564,79564,0.6682670554522145,0.7406641745174172,16.938829118696898,79574,2.4085905310629294,4.0,42.0,22.104158374571494
139,84243,84243,0.6641620075258479,0.7814050876627988,18.822359127761356,84229,2.443957834926047,2.0,44.0,23.31184191312264
140,87036,87036,0.668482007445195,0.6569948415085783,16.392021692173355,87044,2.3253701803757725,,42.0,24.23173041854459
141,84516,84516,0.6634246769842397,0.8920398937053494,21.527971035070284,84501,2.556600281322499,5.0,38.0,23.521793357569432
142,74378,74378,0.6648605770523542,0.5877556348500818,12.664981580574901,74406,2.2528173131483964,,36.0,20.810380166184107
143,70679,70679,0.6652754000481048,0.5945539719186025,12.223913750901966,70674,2.2591114494047466,2.0,26.0,19.687205905265937
144,50088,50088,0.664011340041527,0.473200343999024,7.0384922536336045,50097,2.13731546130056,,22.0,13.93569845229833
145,42251,42251,0.6651203521810135,0.49811028205094254,6.310761875458569,42259,2.163895352749814,,19.0,11.726014996119908
146,37629,37629,0.6678359775704908,0.7663897675404542,8.540460814797099,37635,2.435047683268319,5.0,19.0,10.412941689833321
147,36972,36972,0.6663691442172455,0.6381696231724726,7.060721627177323,36975,2.3037166940527567,,20.0,10.267162032765265
148,39866,39866,0.6696182210404856,0.892891089158232,10.44348567701801,39856,2.5616140158372493,3.0,24.0,10.99335906603786
149,46204,46204,0.6677343952904511,0.49024998101288747,6.751276945718986,46199,2.1579854111515626,,31.0,12.892174736521424
150,61545,61545,0.666829149402876,0.7541438423271323,13.454561702819076,61523,2.42137867391271,3.0,35.0,17.064563056533498
151,69272,69272,0.6651172190784155,0.6929190506298872,13.862397505485623,69293,2.3582929664553105,,39.0,19.25039804780402
152,76841,76841,0.665881495555758,0.6183361358774105,13.703660806080087,76826,2.2840525601069777,,41.0,21.43759070971278
153,81779,81779,0.6657699409383827,0.7552646575637781,17.68420988273273,81778,2.4209123354515087,1.0,42.0,22.69693060861503
154,84631,84631,0.6669069253583202,0.9094981754280903,21.961338043979158,84627,2.577775245840281,4.0,43.0,23.431617807660523
155,86187,86187,0.6659705059927832,0.8344447743178368,20.554190307122884,86192,2.5016593468855666,3.0,42.0,23.854610637365653
156,84185,84185,0.6661400487022628,0.8265287342105672,19.91573320662826,84190,2.4929225078800967,,42.0,23.412126288855962
157,83122,83122,0.6691249007482977,0.6721565504532676,16.068982940737712,83091,2.3411777508456995,,41.0,23.133681891671706
158,82578,82578,0.668483131100293,0.9265397366910337,21.882462641381483,82596,2.594730543768163,11.0,40.0,22.93268730336551
159,78710,78710,0.665582518104434,0.6198048537041736,14.083547198577055,78725,2.286324433236223,2.0,39.0,21.94246939921374
160,79377,79377,0.6683296168915429,1.0973008558483683,24.79005253410938,79371,2.765485751493172,13.0,39.0,21.90303679183475
161,77816,77816,0.6673948802302868,0.7698236429603407,17.188046160172714,77811,2.437225545546681,3.0,40.0,21.650064778937377
162,79112,79112,0.6662074021640206,0.6418408598267079,14.642329861462231,79091,2.3074615715279294,,42.0,22.05413162901312
163,84425,84425,0.6651821143026355,0.8592171667375568,20.697021024578028,84438,2.5250420008474106,3.0,43.0,23.40922899439991
164,86979,86979,0.6687476287379712,0.998073023380284,24.70899872382989,86983,2.6676263973556016,8.0,42.0,24.085052921847183
165,84030,84030,0.6679638224443651,0.8262342051580692,19.886600023801023,84033,2.4946773409439387,2.0,37.0,23.38651817150427
166,74382,74382,0.6628619827377591,0.8640955284090628,18.462410260546907,74365,2.5259887167341364,8.0,35.0,20.679744007117247
167,70830,70830,0.6710433432161513,1.0343458906524148,20.92000564732458,70852,2.7058836065912786,6.0,21.0,19.63115390018342
168,40516,40516,0.6665761674400237,0.5331349912402393,6.474108993977688,40537,2.201948507988098,1.0,18.0,11.289365815103892
169,34738,34738,0.6691231504404399,0.5840020604133331,6.1474753871840635,34750,2.253527976017911,2.0,14.0,9.650476875145356
170,27313,27313,0.6671182220920441,0.7734002505997549,6.399553326254897,27315,2.440563681224607,,16.0,7.583939989157803
171,30408,30408,0.6650552486187845,0.5025059675500871,4.723658247829518,30401,2.1664033594625858,,15.0,8.446561782195745
172,28520,28520,0.6638849929873772,0.5011276158059748,4.4325035063113605,28526,2.165092620536902,,18.0,7.948061796819824
173,33981,33981,0.665077543333039,0.43535083112536127,4.560813395721138,33972,2.1007736656904337,,25.0,9.476724012492289
174,49362,49362,0.66737571411207,0.7061950814056531,10.184554920789271,49342,2.373239989207885,,27.0,13.736597145682191
175,54495,54495,0.6660978071382696,1.0074854508321214,15.819065969354988,54507,2.6742467266482404,7.0,29.0,15.038232113026742
176,57665,57665,0.6678921356108558,0.7657459630160266,12.81550333824677,57655,2.4333283458968955,4.0,32.0,16.086385182256116
177,64109,64109,0.6717309582117955,0.8878767885180264,16.353663292205464,64097,2.5598388246644768,6.0,33.0,17.79681216956594
178,64486,64486,0.6671990819712806,0.5717141830569178,10.725010079707223,64496,2.2394041174645523,,33.0,17.947514946922848
179,65602,65602,0.6622511508795463,0.704256051025995,13.349028993018505,65601,2.3669846037382865,1.0,33.0,18.250168142401147
180,65413,65413,0.6677724611315794,0.6987367904560595,13.219665815663554,65395,2.3647209767383015,,33.0,18.181310514207983
181,65830,65830,0.6668084459972656,0.7574963432022885,14.398253076105119,65851,2.424670618702893,2.0,31.0,18.258883017385944
182,62544,62544,0.66847339473011,0.9776639997154201,17.556456254796622,62524,2.6451265282289493,6.0,31.0,17.329424385490206
183,61134,61134,0.6669120293126575,0.6603477192401961,11.727712892989171,61153,2.3283614333883347,,31.0,16.945694380755445
184,61399,61399,0.6653691428199157,0.706671401795083,12.586475349761397,61405,2.3710234366769543,,30.0,17.04900522180302
185,59848,59848,0.6678084480684401,0.8320362341077686,14.382301831305975,59844,2.500165905003218,1.0,31.0,16.696260503426362
186,61220,61220,0.6652074485462267,0.6745041277079921,11.984286180986606,61230,2.338705256630093,2.0,32.0,17.019907391688527
187,63932,63932,0.6667396608896953,0.7633287630766635,14.087405368203717,63921,2.4286117206625835,,34.0,17.762809519009767
188,67040,67040,0.667989260143198,0.6789403456981409,13.19829952267303,67032,2.347574556138642,,33.0,18.59885487334818
189,64490,64490,0.666506435106218,0.5541959487970156,10.406187005737324,64495,2.219748120415332,,28.0,18.002317807415317
190,56239,56239,0.6700688134568538,0.9164821116115689,14.852433364746885,56252,2.5865114587263247,1.0,27.0,15.619659819010826
191,52757,52757,0.6675322705991622,0.6101889220302266,9.475102829956214,52764,2.2770580563523675,2.0,20.0,14.649381470648267
192,39254,39254,0.6647984918734396,0.6593519620225865,7.680440209914913,39250,2.3244454454300203,,16.0,10.916570996580393
193,31372,31372,0.6674423052403418,0.7084849796819597,6.673020527859237,31381,2.3760101454627907,,16.0,8.708951248474282
194,30979,30979,0.670260499047742,0.652436814908207,6.153232835146389,30984,2.3241103074238065,4.0,15.0,8.543491619882044
195,28322,28322,0.6654191088199986,0.4688323678988398,4.144057623049219,28317,2.134943117839786,,15.0,7.800941922140687
196,28884,28884,0.6684323500900152,0.5857798850426578,5.183596454784656,28878,2.254453531760297,,18.0,7.963626501515961
197,34467,34467,0.668697594800824,0.5192549799615743,5.434299474860011,34475,2.1876063762990148,,24.0,9.609710612745397
198,46358,46358,0.6657103412571724,0.5002434773185447,6.9201216618490875,46351,2.165281620953272,,26.0,12.906370374186455
199,51344,51344,0.6668744157058274,0.7028125155127131,10.540744780305392,51336,2.3696307454108663,2.0,30.0,14.24998265603368
200,59405,59405,0.6654153690766771,0.7113179827961725,12.268933591448532,59401,2.377248738463744,,32.0,16.520807727739413
201,63197,63197,0.6685443929300442,0.6890989114214121,12.637846733231008,63196,2.3571921519968226,1.0,31.0,17.62001770413791
202,61960,61960,0.6660426081342802,0.8346625512374716,14.932666236281472,61945,2.500851442849247,4.0,33.0,17.25158318804127
203,65665,65665,0.6663976243051855,0.7556764555354798,14.300738597426331,65675,2.423373813325251,,32.0,18.198605334811933
204,64098,64098,0.666027021123904,0.8346337496543275,15.420044307154669,64089,2.5009597512575747,1.0,33.0,17.749332395073484
205,64917,64917,0.6661737295315556,0.6334187160148597,11.926275089729963,64907,2.2997365907780845,,32.0,18.093560031124614
206,62730,62730,0.6639725809022796,0.582344008489486,10.633285509325681,62754,2.2467051542516296,,31.0,17.45286367239104
207,60896,60896,0.6669239358906989,0.6187130924391527,10.957287834997372,60900,2.2856055383648504,2.0,31.0,16.88241391833335
208,61159,61159,0.6658709266011543,0.6489239955374977,11.538448960905182,61145,2.3143071560608712,,29.0,16.977607024613707
209,57642,57642,0.6636653828805384,0.7495243287375289,12.540508656882135,57646,2.413414905043734,2.0,31.0,16.100263205501847
210,62110,62110,0.665448398003542,0.8940362829796965,15.990774432458542,62125,2.5600249986256767,3.0,32.0,17.226628247463655
211,64101,64101,0.6649350244145957,0.8342488476983732,15.400602174693063,64072,2.5001038845546244,,33.0,17.838121154907473
212,66539,66539,0.6664963404920423,0.9232266030616155,17.6267151595305,66537,2.589408911559591,6.0,33.0,18.430166497522077
213,66027,66027,0.6666969573053447,0.8070213402682014,15.315749617580687,66051,2.473714135082964,4.0,29.0,18.338284546890513
214,57972,57972,0.6638032153453391,0.8341257411737593,14.000776236803974,57971,2.4972097962066577,3.0,28.0,16.096461951869564
215,54562,54562,0.667864081228694,0.5739893951384794,9.193852864631062,54569,2.24160966729529,,22.0,15.194229293114951
216,42363,42363,0.6717418501994665,0.5370611542307195,6.811746099190331,42370,2.2084355050906437,,19.0,11.828427874669384
217,37415,37415,0.6705064813577443,0.7420823257148635,8.249953227315247,37425,2.4121983411399346,2.0,17.0,10.36541408875208
218,31886,31886,0.6709214075142695,0.39491386553704344,3.9131593802922913,31872,2.06557075769912,,16.0,8.853203564516358
219,31165,31165,0.6667415369805872,0.6663392234217771,6.2884967110540675,31176,2.331934366085025,,19.0,8.668949822582784
220,35712,35712,0.6619903673835126,0.38290548220699777,4.226310483870968,35713,2.0454672982062925,,22.0,9.919153524234538
221,41952,41952,0.6656416857360793,0.4510187155032628,5.715412852784135,41951,2.117236709391924,,26.0,11.638594252932833
222,51392,51392,0.6654537671232876,0.7127099354549632,10.722427615193027,51376,2.3772320064199866,,30.0,14.25863332433611
223,60213,60213,0.6677461677710793,0.8934455013833561,15.502449637121552,60198,2.560432056637439,4.0,32.0,16.7178972714594
224,64605,64605,0.6631839640894668,0.947765629595797,17.564600263137528,64610,2.611834453253113,8.0,35.0,17.885575166420143
225,69638,69638,0.6671931991154255,0.7451595740596715,14.944929492518453,69629,2.411474642847034,2.0,35.0,19.227387418862676
226,70229,70229,0.6663628985177064,0.8417555161375465,16.961967278474702,70235,2.5084860181799185,8.0,37.0,19.478639476063012
227,72971,72971,0.666908771977909,0.6484249963982975,13.650299434021735,72981,2.316230515296634,4.0,36.0,20.29781826306458
228,72332,72332,0.6720538627440137,0.8938541008666366,18.525189404412984,72311,2.565525592425208,5.0,36.0,20.046235868304713
229,71787,71787,0.6682268377282795,0.7747595536616234,15.957666429854987,71798,2.443782155012515,,35.0,19.964311911675964
230,68994,68994,0.6649128909760269,0.6546525002985638,13.079195292344261,68986,2.3196722725022867,,34.0,19.178277810251277
231,66928,66928,0.6657901027970357,0.6351165825996924,12.333313411427206,66941,2.3023188074185863,,33.0,18.670414006539193
232,65289,65289,0.6682136347623643,0.7037499262690795,13.286311629830447,65295,2.3719759486511305,,33.0,18.155089637200163
233,66235,66235,0.6675171736997056,0.9123939751357204,17.35291009285121,66204,2.579231633711023,3.0,34.0,18.428400305181526
234,68236,68236,0.6667887918400844,0.8677434417089516,16.97631748637083,68246,2.53456934082313,1.0,36.0,18.892038371345993
235,70879,70879,0.6694084284484826,0.6432155747692795,13.201879259018892,70875,2.311739476467466,,37.0,19.66602322325597
236,73526,73526,0.6665805293365612,0.7383810586818175,15.648682098849386,73528,2.4056167312906536,2.0,36.0,20.429668069140117
237,70547,70547,0.6664493174762924,0.5756031886613121,11.782641359660936,70561,2.242170196973431,,31.0,19.637495485859105
238,61695,61695,0.6663911175946187,0.7770261668839743,13.872388362103898,61702,2.4436811081004732,5.0,29.0,17.15841044299517
239,58258,58258,0.6663977479487796,0.9058666101902383,15.207593806859144,58250,2.572475953953904,5.0,19.0,16.1840314450814
240,36927,36927,0.6640669428873183,0.5824789288515759,6.437701410891759,36942,2.245045009348372,,17.0,10.260296608580019
241,32095,32095,0.6678921950459573,0.4417913218203611,4.378470166692631,32104,2.111309920876023,,16.0,8.927287548282566
242,30107,30107,0.6631348191450493,0.4196050917209329,3.946756568239944,30105,2.0818338880031626,,15.0,8.40091074346873
243,27479,27479,0.6646166163251938,0.31223464584905736,2.7570872302485534,27486,1.9776116315254966,,15.0,7.631277351277845
244,28163,28163,0.6681106416219863,0.4159113174920368,3.6797926357277277,28150,2.082258666592355,,20.0,7.830605003677047
245,38154,38154,0.6677150495360906,0.4721702549266421,5.473738009120931,38166,2.139504401050819,,24.0,10.566924245320228
246,48182,48182,0.6662031464032211,0.875614724180361,12.275227263293345,48171,2.540723142939606,3.0,27.0,13.329460009913651
247,53615,53615,0.6625011657185489,0.7298207008884556,11.40484938916348,53599,2.392409214392496,6.0,30.0,14.909889944748839
248,59085,59085,0.6677329271388678,0.6790664901305542,11.651502073284252,59093,2.3472872607128608,,32.0,16.4679225404537
249,62862,62862,0.6664757723266839,0.6300856626845215,11.52476854061277,62859,2.297140354262778,2.0,33.0,17.428395727223013
250,65658,65658,0.665798531785921,0.7272622489728895,13.80116665143623,65652,2.391631073838425,1.0,34.0,18.131653587480915
251,67526,67526,0.666691348517608,0.7266072357409084,14.173947812694369,67507,2.393802506671166,5.0,33.0,18.715605102577783
252,65892,65892,0.6676227766648455,0.8086928993525219,15.317261579554422,65923,2.476868893412264,4.0,32.0,18.182516391808587
253,63983,63983,0.6669584108278761,0.8117679399214315,14.967022490348999,63966,2.477804464991913,5.0,32.0,17.764397354364775
254,63098,63098,0.663887920377825,0.6341737468459899,11.628752099908079,63095,2.2981970391722775,,31.0,17.50673276196638
255,61707,61707,0.6684816957557489,0.7663426414976434,13.688058080930851,61717,2.435137686096482,2.0,31.0,17.077609475626872
256,61018,61018,0.6650988232980432,0.6313417212471475,11.212281621816514,61021,2.2975546621362213,,30.0,16.93613932864872
257,60106,60106,0.6654410541376901,0.8211417864820769,14.237996206701494,60092,2.4856324349899093,4.0,30.0,16.70857444185468
258,60103,60103,0.6683526612648287,0.8944905008578161,15.523451408415553,60115,2.5629988668809878,8.0,32.0,16.705199766623615
259,64026,64026,0.6674319807578172,0.8385727136302114,15.450504482553962,64028,2.5059662786250936,1.0,34.0,17.719055338097508
260,67476,67476,0.6700160056909124,0.7271220564888965,14.169363921987078,67462,2.3975929105700744,2.0,33.0,18.7491199061886
261,65790,65790,0.6702994376044992,0.7977326845212788,15.104301565587475,65798,2.4685421776872865,2.0,30.0,18.358849000367705
262,59777,59777,0.668785653344932,0.7924414018157403,13.689345400404838,59780,2.461000940826023,2.0,26.0,16.631941286797417
263,51680,51680,0.666389318885449,0.7678615814519596,11.578250773993808,51689,2.4347332359750156,3.0,25.0,14.39339211118903
264,48632,48632,0.6694563250534628,0.5795773676195118,8.325053462740582,48631,2.249215525814487,,20.0,13.54104384730845
265,39517,39517,0.669559936229977,0.7712907558486796,8.990712857757421,39525,2.441174260153486,2.0,17.0,10.97517899979298
266,32707,32707,0.665270431406121,0.5439664026419898,5.422172623597395,32709,2.2086697435118077,,18.0,9.128551178187768
267,35273,35273,0.6677912284183369,0.6752612826709822,7.124769653842883,35283,2.3415013841789007,,18.0,9.796343082627077
268,35596,35596,0.665215192718283,0.7539407942193448,7.9753624002696935,35584,2.4190876769552783,1.0,22.0,9.869588766075207
269,43834,43834,0.6675868047634257,0.8384211813098965,10.740338549984031,43829,2.5064578982322265,1.0,28.0,12.18637244972754
270,56051,56051,0.6677668551854561,0.8777734281242775,14.281243867192378,56029,2.544837482901364,9.0,33.0,15.600887188642377
271,64957,64957,0.6690733870098681,0.6398777374721538,12.04655387410133,64967,2.308541111710287,1.0,36.0,18.04554886264151
272,71516,71516,0.6667039543598635,0.7075955926947529,14.573899546954527,71523,2.374251320582849,2.0,38.0,19.863808421847075
273,75655,75655,0.6673451853810058,0.7546718936401806,16.406331372678608,75642,2.4220653908383847,,39.0,21.06159535575987
274,77029,77029,0.6682548131223306,0.6577937224775845,14.59702190084254,77022,2.3263470872669365,2.0,40.0,21.355541517471313
275,80184,80184,0.6665170108749875,0.8558673714023858,19.636947520702385,80199,2.5222079346662443,6.0,39.0,22.320745209547272
276,78187,78187,0.6654303145024109,0.8179362058823126,18.30960389834627,78177,2.4827271306924663,3.0,39.0,21.669204768933085
277,77446,77446,0.6658575007101722,0.6976135902186601,15.553288743124241,77437,2.3620018144159447,4.0,38.0,21.469609493100542
278,74986,74986,0.6658842984023684,0.6481677864915579,14.043061371456005,75000,2.3149024722442526,2.0,36.0,20.904386509756065
279,72832,72832,0.6627581282952548,0.9490297511998415,19.76017409929701,72814,2.6106890101251468,2.0,37.0,20.1621983734533
280,73565,73565,0.6661048052742473,0.7428548730454371,15.705947121593148,73583,2.409496784752019,8.0,36.0,20.49727826082291
281,71849,71849,0.6645882336566967,0.7695869793563452,15.903756489303957,71849,2.4334328251456836,2.0,37.0,20.04380951026897
282,73338,73338,0.668343832665194,0.7038025599567896,14.874130737134909,73332,2.372667882563195,2.0,38.0,20.39106677466017
283,75891,75891,0.6619757283472348,0.7574081669528796,16.500494129738705,75907,2.41928281317782,2.0,40.0,21.100566508471545
284,80722,80722,0.6626198558013925,0.911382844862654,21.01268551324298,80703,2.57450460803495,9.0,39.0,22.38586002228552
285,77687,77687,0.6690565989161635,0.7407692701402028,16.505129558355968,77695,2.4089449955093816,2.0,34.0,21.54578396786418
286,68325,68325,0.6659641419685327,0.911396133709639,17.89729967069155,68307,2.578057214447872,8.0,33.0,18.914943543800458
287,65402,65402,0.6664016390936057,0.731071772004219,13.830509770343415,65430,2.3983519703404563,1.0,25.0,18.185298994676593
288,49373,49373,0.6643307070666153,0.6782404713232565,9.797865229984,49381,2.3419754866990536,2.0,22.0,13.746254497720088
289,42848,42848,0.6639749813293503,0.5836283651702217,7.446905339805825,42853,2.2462947295869355,,20.0,11.864433962385036
290,37950,37950,0.6704874835309618,0.44780737251943437,5.170065876152833,37948,2.118265134350131,,19.0,10.556996929051934
291,37033,37033,0.6656225528582616,0.6439263862911635,7.134258634191127,37042,2.31061480409362,,20.0,10.275983060644792
292,38875,38875,0.6697363344051447,0.6052663701590738,7.04668810289389,38864,2.2748846811148082,,24.0,10.865244561221692
293,47751,47751,0.664488701807292,0.7866835572685116,10.980649619903248,47744,2.4507155053963516,2.0,31.0,13.31556302608744
294,61201,61201,0.6619663077400696,0.6567552272382414,11.704089802454208,61194,2.3195025709637402,1.0,36.0,17.01021523638769
295,71420,71420,0.667026043125175,0.721299134078509,14.845757490898908,71427,2.387995176703282,1.0,39.0,19.870895946249448
296,77737,77737,0.6656032519906866,0.7176423671732935,15.998314830775564,77722,2.3821841161805377,,41.0,21.578213882389374
297,82425,82425,0.6663876251137397,0.8826154819202747,20.793387928419776,82423,2.549495764804416,3.0,42.0,22.873482582365146
298,84211,84211,0.6664212513804609,0.8333711500924036,20.076379570364917,84212,2.4992727692071655,13.0,43.0,23.465811058223338
299,86472,86472,0.6650013877324452,0.8505920199291465,20.980375150337682,86472,2.5149994736302825,1.0,42.0,23.85738709757052
300,84040,84040,0.6666587339362209,0.8143188595952189,19.556496906235125,84040,2.481651982807453,9.0,42.0,23.306514816743718
301,83581,83581,0.6661681482633612,0.7146917435164477,17.156985439274475,83576,2.381728344808767,,41.0,23.123491418811973
302,82603,82603,0.6645763471060373,0.9194785391884379,21.659007542098955,82598,2.5841990400494304,6.0,40.0,22.90687272100079
303,79028,79028,0.6697752695247254,0.6707561837019257,15.274662145062509,79039,2.3400148726364605,2.0,39.0,21.9907586041841
304,77619,77619,0.670261147399477,0.7397959103363418,16.475759801079633,77625,2.4095461546956574,3.0,39.0,21.554086548150366
305,77851,77851,0.6677627776136466,0.7732451928438382,17.307895852333303,77832,2.4401264487068506,5.0,40.0,21.771519570862775
306,80153,80153,0.6645665165371227,0.8048772740618318,18.513917133482217,80139,2.469080842945577,4.0,42.0,22.260594574715615
307,83902,83902,0.671330838359038,0.8375653114511938,20.089521107959285,83913,2.5098401812354694,1.0,43.0,23.279143666672606
308,87428,87428,0.6689504506565402,1.0728621865227308,26.683877018804044,87424,2.741388854995598,13.0,43.0,24.17074740520309
309,85038,85038,0.6683012300383357,0.67245332391784,16.44100284578659,85043,2.3403496601192226,2.0,37.0,23.64771425949385
310,74988,74988,0.6650130687576679,1.020832098639084,21.869499119859178,75004,2.6857557283184996,8.0,36.0,20.774766220435694
311,71268,71268,0.666582477409216,0.6778451277851729,13.9578632766459,71259,2.3449062257851674,2.0,27.0,19.803605545365105
312,52421,52421,0.6696743671429389,0.5556578293192922,8.583487533622021,52435,2.2264865378858576,,22.0,14.51907275703522
313,41871,41871,0.6666666666666666,0.43036182196156314,5.444340951971531,41892,2.0960452889813426,,19.0,11.674454397976401
314,36718,36718,0.6653957187210633,0.5662182343377455,6.274933275232856,36708,2.2304272148333526,,19.0,10.170238717990426
315,37011,37011,0.6692604901245576,0.6552972032048624,7.272351463078544,37021,2.3249992971790316,,20.0,10.241731272878262
316,39083,39083,0.6693959010311389,0.6629478093581956,7.690197784202851,39077,2.334495305162037,,25.0,10.943418130197406
317,48738,48738,0.6681439533833969,0.6011699306562377,8.649493208584678,48743,2.2703466210448293,,32.0,13.572962844816828
318,62910,62910,0.6701319345096169,0.6449443449855237,11.787887458273724,62891,2.3154714404023515,,35.0,17.448510807463315
319,69931,69931,0.667171926613376,0.8190379307854413,16.510059916203115,69919,2.4860160931666644,2.0,38.0,19.421467163460907
320,76280,76280,0.6694546407970634,0.8578467788248575,18.72603565810173,76291,2.5277116512889375,6.0,40.0,21.197101645712255
321,80578,80578,0.667043113504927,0.8913830092129336,20.515748715530293,80558,2.5589236571961145,5.0,42.0,22.482551402985177
322,84728,84728,0.6657893494476442,0.8712492174429722,21.02223586063639,84742,2.5368121569772293,3.0,43.0,23.57997046866661
323,85900,85900,0.6655180442374854,0.7648372325999895,18.800162980209546,85896,2.4301646171857807,,42.0,23.979173455254426
324,84465,84465,0.6668916119102587,0.8726864687904788,21.05409341147221,84438,2.5391317949895478,1.0,42.0,23.512803002507727
325,83469,83469,0.6698295175454361,0.7495849564394598,17.923660281062432,83498,2.4200703268588297,4.0,40.0,23.157847711114684
326,80930,80930,0.6696404300012356,1.017665069430556,23.504497714073892,80922,2.687983715944851,12.0,40.0,22.419056951021442
327,80306,80306,0.6681692526087715,0.8390285070555071,19.25872288496501,80309,2.5066779483963075,1.0,39.0,22.239127650094073
328,78707,78707,0.6671325295081759,0.9595437322756707,21.565400790272783,78729,2.6264539967114753,2.0,39.0,21.831606899391453
329,78524,78524,0.6648795272782844,0.8865155237339583,19.909327084712952,78512,2.551902251381696,6.0,40.0,21.717194934070715
330,79708,79708,0.6674235961258594,0.7411933800396748,16.930634315250664,79697,2.4082925077929955,,42.0,22.14071621087749
331,84577,84577,0.6675573737540939,0.9238985660377498,22.273466781749175,84565,2.592046710097379,1.0,43.0,23.518627230994937
332,86263,86263,0.6674588178013748,0.8379939218567376,20.62379003744363,86273,2.5053590543972555,2.0,43.0,23.867354800283273
333,85409,85409,0.6677516420986078,0.6937748630619097,16.977859476167616,85406,2.361704686200706,2.0,38.0,23.718109533056023
334,74851,74851,0.6640926640926641,0.6000357399522491,12.977595489706216,74861,2.2638370068237332,,35.0,20.79485049945355
335,70851,70851,0.6696729756813595,1.0338011709405988,20.9207915202326,70835,2.7023593135497843,12.0,21.0,19.543268645471105
336,40800,40800,0.667328431372549,0.603980771937003,7.357598039215686,40843,2.2706751985099873,,16.0,11.296705968480971
337,31278,31278,0.6682332629963552,0.7363730530130264,6.908210243621715,31283,2.40518777126833,2.0,14.0,8.724090276976163
338,27250,27250,0.6657614678899083,0.6921107830898516,5.745981651376146,27254,2.3596920978212292,,17.0,7.522255564140278
339,32487,32487,0.6670976082740788,0.5141954180959365,5.112352633361037,32480,2.1829998005059617,,16.0,9.053167045756755
340,31343,31343,0.6668793670037967,0.7112284264960865,6.696742494336854,31348,2.378450333649515,2.0,18.0,8.693817599850348
341,34880,34880,0.6705848623853211,0.6502227377917481,6.8243692660550455,34881,2.322053253380101,3.0,23.0,9.699829885986171
342,45139,45139,0.669177429717096,0.6474182940811289,8.618821861361573,45134,2.3176127020749955,2.0,28.0,12.568868738020752
343,54779,54779,0.6661129264864273,0.6008045013194138,9.648569707369612,54760,2.267503369846685,,30.0,15.246947353266538
344,59243,59243,0.665715780767348,0.668622660288878,11.50784058876154,59251,2.335982566638065,,32.0,16.461725790545422
345,64441,64441,0.6660200803836067,0.9076127835236938,16.791561273102527,64430,2.5731212081860564,2.0,33.0,17.875413253377822
346,64887,64887,0.6651101145067579,0.6268104251434602,11.79344090495785,64893,2.292325967131431,,33.0,17.96899105927029
347,65631,65631,0.6682208102878213,0.8189018180148409,15.49206929652146,65629,2.488173897732049,,33.0,18.093463037185465
348,65236,65236,0.665384143724324,0.664786647707686,12.569930713103195,65237,2.3309488012961417,,33.0,18.131687532420056
349,64627,64627,0.6676157024153991,0.5659805495096581,10.652482708465502,64631,2.231939697923386,,31.0,18.011514446544385
350,61850,61850,0.6647857720291027,0.7909151475708108,14.160873080032337,61834,2.4550913946078725,2.0,31.0,17.179098966510804
351,61385,61385,0.6682251364339823,0.7282081187184595,12.983383562759633,61402,2.3969860612282856,,30.0,17.12449561814109
352,59439,59439,0.6675583371187268,0.688467030948059,11.877841148067766,59424,2.3555108223719166,2.0,30.0,16.450893769415543
353,59681,59681,0.6622878302977497,0.7492232684099444,12.941388381561971,59697,2.4127038438311432,4.0,31.0,16.573959295962627
354,61391,61391,0.6632405401443209,0.6881522252222224,12.26684693196071,61386,2.3523483843082382,,32.0,17.137963944499322
355,62715,62715,0.6659969704217492,0.6106819976539787,11.170198517101172,62709,2.276032119709812,,34.0,17.46469037227186
356,66484,66484,0.6682058841224956,0.5761557834247134,11.160986101919258,66481,2.244517124995653,3.0,34.0,18.4961504886387
357,66668,66668,0.6638567228655426,0.5674965486821207,11.01559968800624,66675,2.231821802098934,,29.0,18.503544427363163
358,58029,58029,0.6653397439211429,0.8397540730422235,14.080925054714022,58030,2.50574112274123,,27.0,16.19795644690625
359,53605,53605,0.6665049902061375,0.7656167247877976,11.942897117806174,53611,2.4330228896623094,4.0,20.0,14.874678872420322
360,38147,38147,0.6692007235169214,0.46467234378005656,5.362387605840564,38159,2.1342865712182935,,17.0,10.60405335639568
361,32984,32984,0.6670203735144312,0.6195157529515095,6.164989085617269,32993,2.286662965423253,,14.0,9.187468430914999
362,26027,26027,0.665001728973758,0.38960226360460426,3.2314903753794137,26028,2.054191439318813,,15.0,7.275719062072333
363,29362,29362,0.6665758463319937,0.7333947662448675,6.518765751651795,29353,2.3990487075496194,,17.0,8.200782842030392
364,31612,31612,0.6711691762621789,0.3658133991985201,3.6182146020498545,31617,2.0383431726471866,,18.0,8.77669166815648
365,34100,34100,0.6658944281524927,0.4373553856228788,4.594897360703812,34092,2.1021302553914576,,24.0,9.431222467736282
366,45993,45993,0.6631878764159763,0.4883466197150712,6.703563585763051,45981,2.154206937478559,,27.0,12.777936944167111
367,53651,53651,0.6704255279491529,0.8058642088421398,12.532385230471007,53650,2.476290244104784,,31.0,14.86008494211246
368,60575,60575,0.6668097399917458,0.5780509679138773,10.233297565002063,60568,2.2448945094441894,,32.0,16.84487184939239
369,64158,64158,0.6669316375198728,0.88593031155137,16.3549518376508,64151,2.5521945826386156,3.0,33.0,17.773556549303994
370,66337,66337,0.6678927295476129,0.8734552886968454,16.638844083995355,66349,2.5409307736222977,3.0,33.0,18.388220239240603
371,66177,66177,0.6651555676443477,0.8352456876862485,15.864484639678437,66162,2.500720628086529,5.0,33.0,18.38420550706955
372,64356,64356,0.6649418857604574,0.5417947858144272,10.158384610603518,64373,2.2089474311654245,,32.0,17.933100046181707
373,64489,64489,0.67023833521996,0.9976409248752752,18.428383135108312,64474,2.6684697486509243,5.0,32.0,17.883352052997406
374,63254,63254,0.6673728143674709,0.6975567564546066,12.80325354918266,63269,2.36427376545093,1.0,31.0,17.56750946252511
375,62080,62080,0.6677512886597938,0.8812668092185894,15.737644974226804,62076,2.5491139390922593,2.0,30.0,17.217948852686845
376,60275,60275,0.6654832019908752,0.8788732664018484,15.28885939444214,60284,2.5445445915984237,3.0,31.0,16.77626125004461
377,61617,61617,0.668062385380658,0.7966943196718582,14.218429978739634,61612,2.4649137589762393,4.0,31.0,17.101557909282434
378,61819,61819,0.664892670538184,0.7763047104296342,13.858020996780924,61812,2.4416014400770147,2.0,32.0,17.16370318156037
379,64220,64220,0.6682809093740267,0.88323327489052,16.313874182497663,64208,2.5494690865346077,4.0,34.0,17.896056247152373
380,67529,67529,0.6670023249270683,0.7107926223624652,13.825393534629567,67541,2.3772937785368935,,33.0,18.71780331338178
381,64366,64366,0.6693906720939626,0.5603199869944852,10.504225833514589,64371,2.229756262828578,,29.0,17.936809395222543
382,58321,58321,0.668232712059121,0.9291876898038695,15.638723615850209,58317,2.5958191314733767,4.0,27.0,16.19768425011826
383,52996,52996,0.6621443127783229,0.6429522036136122,9.995924220695901,52994,2.3061848723059764,,22.0,14.76798738927112
384,42110,42110,0.6654238898123961,0.4645546993387957,5.884208026597008,42133,2.1290201318912505,,19.0,11.706333090004767
385,37117,37117,0.6647088934989358,0.6484546311130623,7.197483632836706,37110,2.3134837754532844,,16.0,10.340913700010866
386,29801,29801,0.6596758498036979,0.375607724656407,3.529109761417402,29809,2.0360923894318725,,17.0,8.28717427504297
387,32000,32000,0.67,0.4317719199116396,4.2738125,32002,2.1014851215248638,,18.0,8.919732343243215
388,34846,34846,0.6716122366986168,0.6062159781571151,6.382741204155427,34841,2.2773085134366053,,21.0,9.697433570629359
389,40812,40812,0.6698275017151818,0.6159631073578975,7.486450063706753,40818,2.2859024691513,1.0,27.0,11.26501509053274
390,52461,52461,0.6680772383294257,0.5588429001823235,8.657669506871772,52438,2.226442812640325,,30.0,14.578018926274611
391,59513,59513,0.667265975501151,0.7152820994514669,12.340228185438475,59510,2.3820267572829787,,33.0,16.548610887981706
392,65861,65861,0.6626227964956499,0.7718418748655418,14.655258802629781,65858,2.435424521810557,,35.0,18.338760188470026
393,69956,69956,0.6673337526445194,0.8076831641776873,16.25358796958088,69956,2.4757407986647384,,36.0,19.438298929775094
394,71648,71648,0.6694115676641358,0.74199892864025,15.28207347029924,71645,2.4120389677331664,,37.0,19.92056968334974
395,74710,74710,0.6681033328871637,0.9496564376099836,20.26841118993441,74724,2.6173479991829107,3.0,36.0,20.70142912438932
396,71714,71714,0.6669966812616783,0.7344818847613516,15.174275594723484,71690,2.401147934424034,2.0,35.0,19.948694093197222
397,70426,70426,0.6664868088490046,0.9067461943956241,18.29225002129895,70441,2.573068135745384,3.0,36.0,19.619581883970714
398,70531,70531,0.6653102890927394,0.5766952720975072,11.816974096496576,70521,2.242733608016485,,35.0,19.637213171263816
399,68842,68842,0.6646233404026611,0.6202349863605688,12.368568606374016,68857,2.285785618068119,2.0,33.0,19.11082165203556
400,66323,66323,0.6642190491986188,0.8399285993686179,16.010539330247425,66314,2.5040739569260095,3.0,33.0,18.321340386891745
401,66681,66681,0.6675964667596467,0.9930524195284468,18.99920517088826,66669,2.6599484927143067,7.0,34.0,18.48719371646743
402,67093,67093,0.6667759676866439,0.6802417910027952,13.190392440344,67115,2.348394614353965,,35.0,18.611642989530335
403,70326,70326,0.6667377641270654,0.881836181095934,17.779157068509512,70327,2.548310689229627,5.0,37.0,19.474076014670395
404,74360,74360,0.6686256051640667,0.8919002075831294,19.018262506724046,74323,2.559720783475789,3.0,36.0,20.640775777639654
405,71038,71038,0.6688110588699007,0.6666921573835631,13.696669388214758,71059,2.3345967345320315,1.0,32.0,19.778001577995365
406,63190,63190,0.6683177717993354,0.6776578055700638,12.425098908055071,63206,2.346281555876746,2.0,30.0,17.53827625655207
407,58941,58941,0.6665818360733615,0.6412219134421714,11.022361344395243,58942,2.307963158819679,,22.0,16.39858044666504
408,42174,42174,0.6637976004173187,0.46151834514950985,5.863375539431877,42170,2.125422384180461,,17.0,11.714661164824033
409,32323,32323,0.6650063422330847,0.48045189987426445,4.764223617857254,32341,2.145294859109966,,15.0,8.999231822283475
410,28102,28102,0.6715892107323322,0.4176908420284284,3.685431641876023,28112,2.0893684851141785,,15.0,7.823232346926982
411,29413,29413,0.6670519838166797,0.6838691559449592,6.068371128412607,29410,2.350273505996201,,14.0,8.195733639425331
412,27353,27353,0.6671663071692319,0.6825086798293548,5.661828684239389,27352,2.348893630895066,,19.0,7.601063231915942
413,36496,36496,0.664127575624726,0.4786579736744156,5.309266768960982,36487,2.141420322362544,,24.0,10.088004421004275
414,46789,46789,0.6676783004552352,0.6190822877057394,8.544422834426895,46790,2.2867303690574423,,28.0,13.02743662189927
415,55237,55237,0.6641924796784764,0.6726199149273366,10.824193927983055,55230,2.3375219916445977,,30.0,15.290039654467979
416,59279,59279,0.6677575532650686,0.707992123932706,12.206936689215405,59270,2.3762650646712395,5.0,31.0,16.376379262762555
417,62323,62323,0.6674582417406094,0.9268941178633165,16.608186383839033,62328,2.594180619315893,2.0,33.0,17.32150680830718
418,65890,65890,0.6696160267111854,0.8090772273307508,15.337714372438914,65877,2.479096621908716,4.0,33.0,18.30972195395764
419,66296,66296,0.6691957282490648,0.8645211234163266,16.47722336189212,66277,2.533205458993101,3.0,33.0,18.361555916819178
420,65643,65643,0.6668037719177978,0.7564929888144588,14.325487866185275,65664,2.4245626516956755,,32.0,18.17177779396141
421,63300,63300,0.6677725118483412,0.7160576353673677,13.155387045813587,63309,2.384097532513064,,32.0,17.563524361747316
422,63111,63111,0.6624043352189001,0.6565963107797551,12.032577522143525,63108,2.320116510193656,,31.0,17.54155677907551
423,61457,61457,0.6669541305302895,0.72946595736854,12.991685243340873,61469,2.396650892621989,1.0,31.0,17.092221916765073
424,61027,61027,0.6656070263981516,0.6205546310629462,11.012895931309092,61012,2.2867919267511736,,31.0,16.94146999713486
425,61121,61121,0.6687554195775592,0.6675572839274485,11.837928044371003,61123,2.3370187834401204,2.0,31.0,16.981545211814076
426,61068,61068,0.6680585576734133,0.6440077237098502,11.450530556101395,61076,2.3118157822756387,1.0,32.0,16.95159398852992
427,63751,63751,0.6651974086680993,0.7595554411029515,13.963090775046666,63751,2.425859967298801,,34.0,17.791300915072245
428,67953,67953,0.6640472091004076,0.8062738115553274,15.774255735581946,67950,2.470677048128566,,33.0,18.80291527199114
429,65742,65742,0.6655866873535944,0.7707841749838428,14.628608804113048,65737,2.4356043974459394,2.0,29.0,18.333316774873904
430,58223,58223,0.6689109114954571,0.8987803241374422,15.107139790117307,58230,2.566745533673135,6.0,26.0,16.198977383994183
431,52308,52308,0.6681387168310775,1.0103539403050203,15.305115852259693,52302,2.6781105949454083,9.0,24.0,14.479051336616987
432,47241,47241,0.6651213987849538,0.6572958706163355,9.122372515399759,47244,2.323689920226494,,21.0,13.066186780358684
433,41480,41480,0.6661041465766635,0.7645622218084702,9.332304725168756,41497,2.4305529538348294,,18.0,11.487106216984182
434,35107,35107,0.663628336229242,0.618931015116807,6.555701142222349,35106,2.281417042254549,,16.0,9.801508515448013
435,30454,30454,0.6686477966769554,0.4993909153999793,4.682012215144152,30460,2.1702892464544097,,20.0,8.431527055330767
436,38317,38317,0.6662577968003758,0.4779766497925364,5.559568859775035,38311,2.1441639068634295,,22.0,10.684770563606996
437,43180,43180,0.6652385363594256,0.6604590469037624,8.43300138953219,43163,2.324747219954094,,28.0,11.965265410180884
438,55826,55826,0.6665711317307348,0.7759568096359545,12.540035109088954,55829,2.44169886777901,1.0,33.0,15.602533076299133
439,65230,65230,0.6652767131687873,0.6698965219678608,12.666625785681434,65218,2.333913500297833,3.0,36.0,18.12927628130477
440,71084,71084,0.6665072308817737,0.6371321143448871,13.079539699510438,71084,2.303820505463001,,37.0,19.745505656988183
441,74473,74473,0.6685778738603252,0.9020438295474826,19.2459951928887,74456,2.571203773130668,5.0,38.0,20.683400105967056
442,76560,76560,0.6644461859979102,0.88358234397508,19.34683908045977,76556,2.5475047753634468,2.0,39.0,21.346088170067304
443,78460,78460,0.6652052001019628,0.8988721324390941,20.185011470813155,78481,2.5648035785421732,10.0,39.0,21.901997446139
444,78180,78180,0.6658864159631619,0.8153582213877569,18.234190330007674,78188,2.479788298186731,5.0,39.0,21.732240088529192
445,77254,77254,0.6661143759546432,0.6833440029921315,15.177880756983457,77238,2.349034759500304,2.0,37.0,21.481343279640104
446,74394,74394,0.6661021050084684,0.8850172179948652,18.85178912277872,74400,2.5518040026760453,1.0,37.0,20.67751290027261
447,73886,73886,0.6659312995696073,0.7882469861514576,16.712110548683107,73895,2.4539522979100856,,36.0,20.57149894211419
448,71879,71879,0.6668707132820434,0.8049877366501065,16.62029243589922,71865,2.4711964222776266,4.0,36.0,20.124089840623054
449,72180,72180,0.6677888611803824,0.871948660758913,18.05339429204766,72194,2.540645970893735,2.0,37.0,20.087455492071786
450,74017,74017,0.6655498061256198,0.7908216052818104,16.821608549387303,74018,2.456540560730543,2.0,39.0,20.519861392271
451,77397,77397,0.6662015323591354,0.6895114829554274,15.36602193883484,77374,2.356336281425487,2.0,40.0,21.518193057647842
452,79635,79635,0.6684498022226408,0.7397011890640514,16.904752935267158,79642,2.407663611609209,,39.0,22.149655483755
453,77020,77020,0.6664762399376786,0.6472568556879875,14.378278369254739,77019,2.3135053159223875,,34.0,21.388901293450946
454,68597,68597,0.6674927474962462,0.9247134188481777,18.188827499744885,68607,2.592417217233637,5.0,33.0,19.054862426859135
455,65499,65499,0.6679033267683476,0.69433173293623,13.16377349272508,65501,2.361439328396167,,25.0,18.150562619004894
456,49991,49991,0.663239383088956,0.8414315785119613,12.205236942649677,49992,2.5059849314346363,2.0,21.0,13.890031105751165
457,41463,41463,0.6646166461664617,0.7251535171292744,8.857535634179872,41473,2.390150773636652,2.0,19.0,11.467135508077344
458,36576,36576,0.6670494313210849,0.5326482696400561,5.884432414698162,36594,2.2001616319059885,,20.0,10.162616111536371
459,38401,38401,0.668368011249707,0.5268119319493533,6.1111689799744795,38388,2.1945542189142753,,21.0,10.687099334577438
460,40011,40011,0.6661168178750844,0.4508984120567048,5.469071005473495,40020,2.1169534593783106,,24.0,11.098659907825631
461,47696,47696,0.6669532036229453,0.7735441369957888,10.764005367326401,47686,2.439625447363503,,30.0,13.140584147646647
462,59836,59836,0.665753058359516,0.8150018842891871,14.093288321411858,59822,2.480804114140741,,35.0,16.560338279745686
463,70221,70221,0.6648296093761126,0.8633661149219523,17.418777858475384,70225,2.528182899528145,3.0,39.0,19.555386115510096
464,76939,76939,0.6672948699619179,0.6428303386417049,14.228778642820936,76918,2.3106610911580043,,41.0,21.3871510684081
465,81359,81359,0.6683710468417754,0.7317176663436612,17.096313868164554,81368,2.4012067828191426,1.0,42.0,22.552822622265268
466,84468,84468,0.6706208268219918,0.9108525637858839,21.962293412890087,84459,2.580830645210563,6.0,43.0,23.42408848221699
467,86580,86580,0.6656156156156157,0.8671781102463099,21.404123354123353,86574,2.5324244832259546,3.0,42.0,24.0750122902655
468,83655,83655,0.6675990675990676,0.7547046404119752,18.0879803956727,83669,2.421588974511616,2.0,41.0,23.241924381056737
469,82766,82766,0.6659618684000677,0.9206013501597061,21.75778701399125,82771,2.586927943343271,15.0,41.0,22.97244074489289
470,81704,81704,0.6701385489082542,0.7713490163197182,18.057157544306275,81700,2.441254173366369,,41.0,22.71234281535761
471,80984,80984,0.6687123382396523,0.6981751232860465,16.28405610984886,80990,2.3672996169286535,2.0,39.0,22.52883472286438
472,78627,78627,0.6639831101275643,0.8897423044395592,19.9827540157961,78613,2.5536074558906625,3.0,40.0,21.77446131905209
473,79092,79092,0.6652632377484449,0.6681806916822309,15.202902948465079,79103,2.333016401831222,,40.0,21.984140839768187
474,79394,79394,0.6663349875305439,0.7205978108788341,16.453863012318312,79400,2.3873805089629436,1.0,42.0,22.012813158903995
475,83919,83919,0.6661066027955529,0.7840041264546166,18.852953443201184,83903,2.450109221026392,,42.0,23.329011062883175
476,85007,85007,0.6628512945992683,0.9169050210307922,22.216593927558907,84993,2.5799494173632125,,42.0,23.618241169116168
477,84373,84373,0.6688158534128217,0.895499966167193,21.552866438315576,84368,2.565398735779106,10.0,37.0,23.500942402448697
478,73788,73788,0.6675611210494932,0.8116304545765806,17.20085921830108,73824,2.4802757181201893,,35.0,20.517495146654316
479,69588,69588,0.6686497672012416,0.7374684138980809,14.795266425245732,69588,2.405734609921954,,26.0,19.396069812019025
480,50750,50750,0.6685517241379311,0.6126736673266967,9.119408866995073,50757,2.2818171245052365,,22.0,14.12494853261743
481,42588,42588,0.6631210669672208,0.519201336394811,6.608058608058608,42605,2.182412679281817,,20.0,11.900311765937984
482,38351,38351,0.6645980548095226,0.47009393963755836,5.4603009048003965,38339,2.1337633321008096,,20.0,10.671552773195343
483,39563,39563,0.6678462199529864,0.7750729555714265,9.039354952859995,39569,2.4436638055120015,2.0,21.0,10.929592049087653
484,40788,40788,0.6646562714523879,0.5376842659675717,6.561169951946651,40791,2.2021514748054902,,24.0,11.339988391918675
485,47179,47179,0.6654231755653999,0.6557812858008583,9.10968863265436,47167,2.32192538362927,,31.0,13.07220031886546
486,60761,60761,0.6682575994470137,0.5809196346800938,10.28896825266207,60759,2.249124033092088,,35.0,16.866323660428304
487,69402,69402,0.6663640817267514,0.7252199363300849,14.554537333218063,69383,2.3913170246741298,2.0,39.0,19.370644569752837
488,76568,76568,0.667811618430676,0.6036135622834069,13.347690941385435,76575,2.2710486890018653,,41.0,21.415828732047384
489,82124,82124,0.6666139009303005,0.8262389527958747,19.414848278213434,82107,2.492397507999537,,42.0,22.866408390381096
490,84155,84155,0.6702394391301765,0.8229019695876231,19.787974570732576,84156,2.492651742167138,1.0,43.0,23.316661621986572
491,86288,86288,0.6662224179491933,0.8470477307478795,20.854603189319487,86274,2.5134983634561916,5.0,42.0,23.90403961097385
492,84194,84194,0.663788393472219,0.7786889251054889,18.73834239969594,84198,2.4414817365893295,2.0,42.0,23.38360869658813
493,83697,83697,0.6652329235217511,0.7463306217839273,17.90894536243832,83728,2.4111217922504977,4.0,41.0,23.281784251407174
494,82271,82271,0.6652404857118547,0.8369811558657142,19.711587315092803,82238,2.5009535418518625,,40.0,22.911248100210624
495,79677,79677,0.6670933895603499,0.7792812418501628,17.824052110395723,79690,2.446445093314732,1.0,39.0,22.161160842410453
496,78372,78372,0.6686571734803246,0.8807278463264538,19.724991068238655,78373,2.548505190461192,,39.0,21.767358792430215
497,78470,78470,0.6657576143749203,0.8540710303256065,19.13008793169364,78460,2.519562143129656,3.0,40.0,21.77059527897007
498,79980,79980,0.6684296074018504,0.8086330186292036,18.496174043510877,80001,2.4780931902737833,2.0,42.0,22.186784382624225
499,83855,83855,0.66792677836742,0.7682224767320777,18.45470156818317,83857,2.435938515958522,3.0,43.0,23.228557005027774
500,85993,85993,0.6660193271545358,0.7895250997869099,19.423360040933563,85965,2.455948752745754,1.0,42.0,23.837481319728887
501,85091,85091,0.6660751430821121,1.009040772761892,24.46141190020096,85116,2.6753364386851977,8.0,38.0,23.530780414099162
502,74879,74879,0.6675169273093925,0.6250753038729683,13.505094886416753,74888,2.2932075846375657,,36.0,20.79013940062227
503,71261,71261,0.6644167216289415,0.6837682889379901,14.092743576430305,71269,2.348241763171918,,20.0,19.710100675075815
504,38955,38955,0.6658965472981645,0.6000021254223161,6.988884610447953,38962,2.2650881984997437,,17.0,10.846788682243583
505,33511,33511,0.666348363224016,0.787913845887481,7.889379606696309,33524,2.4543674483271913,,15.0,9.30213146062971
506,28506,28506,0.6667368273345963,0.48428396320702716,4.274187890268715,28503,2.1510709473571934,,16.0,7.907179707080613
507,31504,31504,0.6678199593702387,0.8084844859838505,7.6248730319959375,31507,2.4770877102024906,3.0,16.0,8.751469985823825
508,30225,30225,0.6694789081885856,0.4569228246228244,4.287907361455749,30221,2.1261994983242407,,19.0,8.443842759872476
509,36912,36912,0.6659351972258344,0.6070395600790629,6.739271781534461,36908,2.27364613498938,,23.0,10.216047151255754
510,44401,44401,0.6722371117767618,0.540332548563344,7.138690570032207,44397,2.212308952761789,,27.0,12.341949735450102
511,53873,53873,0.6690549997215673,0.8606076925703428,13.473391123568392,53846,2.5297009561168355,5.0,29.0,14.96598283967636
512,58241,58241,0.6670215140536735,0.8862112232618494,14.88590511838739,58255,2.552496266194738,3.0,31.0,16.077811614126986
513,62041,62041,0.6673006560177946,0.8451191702685835,15.12190325752325,62047,2.5121009640209233,1.0,32.0,17.213951454824013
514,63111,63111,0.6619289822693349,0.6247707229757785,11.46544976311578,63098,2.286767836458253,,33.0,17.545045291247938
515,65278,65278,0.6650019914825822,0.7065013532373215,13.366601305187046,65292,2.3716127410611163,1.0,32.0,18.134044447054404
516,63349,63349,0.6694659742063805,0.7068034673379473,12.975264013638732,63343,2.375925297893261,,32.0,17.699073643963764
517,64537,64537,0.6684382602228179,0.9471566352040304,17.55069185118614,64517,2.615187855917545,5.0,32.0,17.84548560419292
518,64096,64096,0.6672803295057413,0.8310167250779632,15.342236645032452,64107,2.4987336443162147,4.0,30.0,17.74398289797657
519,59906,59906,0.6695155743998932,0.851402295516025,14.702016492504924,59914,2.522123761824029,2.0,30.0,16.617864269694987
520,58345,58345,0.6677864427114577,0.534158549499662,9.137869568943355,58349,2.201157333599711,,30.0,16.229294692671676
521,59068,59068,0.6649793458386943,0.6436495586287156,11.08987946096025,59070,2.308562548790018,,31.0,16.356718127934585
522,61054,61054,0.664051495397517,0.6198982210977735,11.009679955449274,61052,2.2821602813631205,,33.0,16.997896930493045
523,65028,65028,0.6637448483730085,0.6234339313154966,11.772067417112629,65026,2.287245517859492,2.0,34.0,18.063263714243472
524,66765,66765,0.6667565341121845,0.5957008569563378,11.545001123343068,66757,2.2618175124161572,,32.0,18.544113162692142
525,64534,64534,0.6667648061486968,0.9187273948772156,17.020020454334148,64538,2.5855146893929617,3.0,30.0,17.86336968282364
526,58754,58754,0.6663035708207101,0.5925437008995028,10.17585185689485,58742,2.259303830505016,,27.0,16.324893842093573
527,54376,54376,0.6670222156833897,0.9911323410348527,15.545865823157275,54392,2.659019548600337,4.0,20.0,15.040412675218207
528,39760,39760,0.6637575452716298,0.777355818280826,9.097937625754527,39765,2.440664068748431,,17.0,11.00335299503528
529,32939,32939,0.6674458848173898,0.6219421130250078,6.1955432769665135,32945,2.2902572342594976,,14.0,9.118987033864672
530,27213,27213,0.6649395509499136,0.7136056566688209,5.922610517032301,27218,2.3778827395124527,3.0,15.0,7.630758383380408
531,28422,28422,0.6664907466047428,0.4815578326688864,4.251811976637816,28425,2.1487308356601322,,16.0,7.948401484591666
532,30208,30208,0.6643935381355932,0.4302633400327938,4.032210010593221,30209,2.0936951885066954,,20.0,8.379420284127287
533,39604,39604,0.664983335016665,0.7895219878599175,9.223765276234724,39598,2.455319716486789,3.0,23.0,11.045584179051726
534,45291,45291,0.6700448212669183,0.7266719432809922,9.684021107946391,45283,2.397150867751224,2.0,28.0,12.511883593131287
535,54556,54556,0.6649497763765672,0.5472103662795593,8.755132341080724,54556,2.211051909637541,,30.0,15.173435007707438
536,59737,59737,0.6657682843129049,0.785890234038361,13.572710380501197,59714,2.4512226667970407,3.0,32.0,16.601589710060843
537,63162,63162,0.667014977359805,0.6949619354259742,12.716823406478579,63184,2.36236559351706,,33.0,17.62167610524848
538,65994,65994,0.6701366790920387,0.8564069590462507,16.27123677910113,65972,2.5271334954610745,7.0,33.0,18.340948098967154
539,66278,66278,0.6694830863936752,0.9244969444506279,17.580977096472434,66286,2.594624828707252,4.0,33.0,18.422229124509848
540,64895,64895,0.668187071423068,0.6464336705736401,12.173264504199091,64901,2.3153624628349996,,33.0,17.98073283742349
541,64699,64699,0.6691602652282106,0.6256914011027558,11.773551368645574,64706,2.2965800199602575,1.0,32.0,18.00619506300304
542,62823,62823,0.6651544816388902,0.609653436120684,11.148814924470337,62819,2.275373255559267,,31.0,17.485203787521712
543,61377,61377,0.6679049155221011,0.7074494117256994,12.572853023119409,61392,2.3753771193285758,,30.0,17.097161506810046
544,60475,60475,0.6628854898718479,0.9362571227627894,16.288945845390657,60454,2.6002264805573776,5.0,31.0,16.765700282263825
545,60937,60937,0.6678865057354316,0.6380103784622366,11.353758800072205,60938,2.305631400548567,,30.0,16.929837299058406
546,60084,60084,0.664120231675654,0.8358871863796384,14.507023500432728,60095,2.500142226360568,4.0,32.0,16.649420574079894
547,64032,64032,0.6683533233383309,0.8664336276238341,16.004122938530735,64025,2.5347824222723854,5.0,33.0,17.68720333846378
548,64966,64966,0.6679955669119232,0.6435499538507413,12.12472678016193,64971,2.312991729103803,3.0,33.0,18.046285144448426
549,66265,66265,0.6657360597600543,0.8655857129379905,16.50082245529314,66255,2.53141651753577,7.0,29.0,18.349722632514027
550,57435,57435,0.6649429790197615,0.7100756002376043,11.859597806215723,57439,2.375015228824141,2.0,28.0,15.874391224941231
551,54834,54834,0.6603931867089762,0.5857299953951708,9.432140642666958,54837,2.245406257393836,,23.0,15.141858660749905
552,45723,45723,0.6650482251820746,0.7939596173176015,10.60523150274479,45732,2.458846841146924,2.0,19.0,12.626441607169763
553,36054,36054,0.6676096965662617,0.45259802186644593,4.982221112775282,36061,2.1208945795158938,,17.0,10.01774647161882
554,32300,32300,0.6667492260061919,0.4506214321415802,4.484767801857585,32306,2.116401738282295,,18.0,8.958185119016171
555,34018,34018,0.6668234464107238,0.43291943138673256,4.525339526133224,34006,2.0984654775487166,,18.0,9.437805071411073
556,35465,35465,0.661271676300578,0.6909729308774016,7.3201184266177926,35470,2.3521772681353554,,22.0,9.835815235821764
557,41643,41643,0.6640011526547078,0.3917332568456754,4.961770285522177,41646,2.0559868248594406,,26.0,11.635714623004878
558,51957,51957,0.6651654252554997,0.8081640268877914,12.22279962276498,51939,2.4715919435153877,2.0,30.0,14.421330086587986
559,58685,58685,0.6693874073442958,0.6157543774748216,10.574337564965493,58684,2.285891187169288,,33.0,16.272914607845316
560,65718,65718,0.6667579658541039,0.7579683597453036,14.378146017833775,65707,2.4248695534121754,3.0,35.0,18.29457385187583
561,70554,70554,0.6663265016866513,0.9301550675785644,18.798579811208437,70565,2.5965974329871693,7.0,36.0,19.52424160984839
562,72211,72211,0.6666989793798729,0.8283528097316883,17.1501710265749,72199,2.4952236355468465,,37.0,20.021283059513483
563,73084,73084,0.6664249356904384,0.647735482487156,13.67875321547808,73083,2.3132513197357683,,36.0,20.27710994731683
564,71883,71883,0.6651642251992822,0.7880104973931398,16.279774077320088,71903,2.452772292235503,2.0,35.0,20.059024819033418
565,70229,70229,0.6694100727619644,0.8532125956466291,17.18031012829458,70207,2.523285075960789,1.0,35.0,19.4875057125748
566,69331,69331,0.6662531912131658,0.6843365016443032,13.69879274783286,69333,2.349258347280605,,34.0,19.311431874069637
567,68053,68053,0.6653049828809898,0.7778485222033334,15.228160404390696,68059,2.443197925725274,,34.0,18.944440763785945
568,67574,67574,0.6662029774765442,0.7294431883415814,14.246722112054933,67574,2.394950812644202,2.0,34.0,18.71337356416215
569,67197,67197,0.662663511763918,0.661972221284741,12.884846049674836,67199,2.3248789050698626,2.0,34.0,18.631839672456795
570,67483,67483,0.6634411629595602,0.7225479413784811,14.083532148837484,67472,2.386472349881082,,36.0,18.657369120836584
571,72267,72267,0.6683825259108583,0.8731247339953996,18.087757897795676,72285,2.542826322392097,4.0,37.0,20.086400466510913
572,73186,73186,0.6649359167053808,0.6796524417858931,14.350271909928129,73177,2.3457617971840774,2.0,36.0,20.30651048853669
573,71910,71910,0.6653872896676402,0.8345899913851259,17.21842581004033,71912,2.5000807120384345,7.0,32.0,19.91869856285744
574,62628,62628,0.6690777288113943,0.6023465737363648,10.986491665069936,62637,2.2721926153996157,,31.0,17.490140677829967
575,60380,60380,0.6655183835707188,0.5461193821890891,9.662073534282875,60380,2.21176824870125,,20.0,16.792814460809154
576,39051,39051,0.6650789992573813,0.648448603934783,7.553302092135925,39056,2.3140431673170183,1.0,18.0,10.814255743595208
577,34202,34202,0.6657213028477866,0.4528865606207393,4.7479971931466,34217,2.1186167319790283,,15.0,9.443343241300292
578,27685,27685,0.6673288784540364,0.3446671232727971,3.0454758894708327,27680,2.0120156463004806,,15.0,7.725391495362888
579,29166,29166,0.6696838784886512,0.6382868266779104,5.658643626140026,29160,2.3061430219418257,,16.0,8.088206809017505
580,30579,30579,0.6701985022400995,0.5160512490110571,4.848392687792276,30589,2.185467942365449,,19.0,8.452639582933251
581,37178,37178,0.6701005971273334,0.6832536493825063,7.579670773037818,37166,2.3547228546951264,1.0,25.0,10.330997114617311
582,48586,48586,0.6654180216523279,0.5517616461465537,7.962273082781048,48579,2.217433186654731,,27.0,13.52589533916956
583,53829,53829,0.6675769566590499,0.8325833836237421,13.002080662839733,53833,2.5004151327113435,1.0,30.0,14.952081669913477
584,59931,59931,0.6687357127363134,0.8141418526547219,14.112295806844537,59921,2.481465536794229,9.0,32.0,16.6878677021844
585,62831,62831,0.671292833155608,0.6104811361264234,11.136063408190225,62833,2.282177358858623,,33.0,17.44071163167035
586,64530,64530,0.667472493413916,0.597931663926914,11.196311792964513,64518,2.26554414470207,,34.0,17.96834635822109
587,66466,66466,0.6642644359522162,0.5324610898535016,10.304200643938254,66481,2.1957441248444014,,32.0,18.55721797402669
588,64291,64291,0.6655986063368123,0.8772561370161471,16.20950055217682,64282,2.5429372399208083,4.0,32.0,17.862821574261464
589,63641,63641,0.6681698904794079,0.7232919330869142,13.300718090539117,63641,2.39109127399598,2.0,32.0,17.66193314594784
590,63106,63106,0.6674642664722847,0.662536771131083,12.131461350743194,63107,2.329157669262473,,31.0,17.533059385150533
591,61552,61552,0.6674356641538861,0.7459036702472999,13.307398622303094,61553,2.4137760331323554,1.0,30.0,17.032227509397554
592,59497,59497,0.6642687866615123,0.7016473356732076,12.110039161638403,59487,2.3661045556175595,1.0,30.0,16.49748867686509
593,59846,59846,0.6649901413628313,0.8123901341067388,14.098118504160679,59863,2.475860229577854,3.0,31.0,16.659887193275484
594,61705,61705,0.6677902925208654,0.7908035233644027,14.118158982254274,61702,2.459285481770146,2.0,32.0,17.214295687823057
595,62938,62938,0.6678795004607709,0.6456048093930005,11.813832660713718,62924,2.312441424316368,,34.0,17.476049206682106
596,67938,67938,0.667917807412641,0.8144085337441537,15.882157261032118,67944,2.482766781036702,,32.0,18.896083405507284
597,64074,64074,0.6656210007179199,0.8675947644151113,16.029497143927333,64078,2.5329340170607475,6.0,30.0,17.836616929493893
598,59215,59215,0.6673815756142869,0.6865548455941362,11.83288018238622,59219,2.353798920652434,,26.0,16.428858327794252
599,51990,51990,0.6668205424120023,0.8670414626086619,13.070821311790729,51996,2.534645690851534,,23.0,14.475481958190084
600,45711,45711,0.6672573341208899,0.7878007040196593,10.54197020410842,45711,2.455815339160196,1.0,20.0,12.707659208546652
601,38934,38934,0.6672060409924487,0.6259947079520056,7.2997380181846205,38934,2.2918619107044753,2.0,17.0,10.857213516931145
602,32366,32366,0.6644318111598592,0.47719748418217656,4.748130754495458,32379,2.140903585601467,,18.0,8.95998114686839
603,34250,34250,0.6638248175182482,0.451333913318871,4.73734306569343,34246,2.1148960161611914,,20.0,9.476539932217012
604,38220,38220,0.6635007849293564,0.4523619148839736,5.258869701726844,38208,2.1166607046471477,,21.0,10.608464457725285
605,40278,40278,0.6694225135309598,0.49382732201319623,5.983936640349571,40287,2.1627092648025665,,28.0,11.22470623734783
606,56226,56226,0.6691210472023619,0.9054379671853755,14.709920677266744,56211,2.573340466162637,8.0,33.0,15.589562205072138
607,65186,65186,0.6672445003528364,0.69323926126659,13.09768968796981,65174,2.361076743304686,,35.0,18.161411609580487
608,70548,70548,0.6633497760390089,0.9003045977416405,18.222571865963598,70530,2.564075567784695,8.0,38.0,19.550935745317457
609,76001,76001,0.6644254680859463,0.8137919839400881,17.72934566650439,76008,2.478597383142172,4.0,39.0,21.172223127357164
610,78767,78767,0.662980689882819,0.9197235197239567,20.690289080452473,78770,2.583193882129,4.0,40.0,21.80877897192859
611,80114,80114,0.6676735651696333,0.8173783332197398,18.733205182614775,80118,2.4839637430500057,1.0,39.0,22.184437555196936
612,77941,77941,0.6678513234369587,0.8242855278868959,18.418034154039596,77928,2.4933546223973746,4.0,39.0,21.67547633149133
613,77514,77514,0.66698918904972,0.745597296471056,16.59453776092061,77542,2.4123707320156926,4.0,38.0,21.46562123817955
614,76011,76011,0.6692583968109879,0.8111746401107621,17.663325045059267,76001,2.4799009421749996,2.0,37.0,20.98653314836737
615,74459,74459,0.6690124766650103,0.9125769731601483,19.43008904229173,74456,2.5816464396355796,1.0,37.0,20.633231807377378
616,73141,73141,0.6656458074130789,0.6521959839339074,13.750181156943437,73154,2.3185486639787016,1.0,36.0,20.306997542922147
617,71949,71949,0.664887628737022,0.8145885242097165,16.8613323326245,71934,2.479163069499549,1.0,37.0,19.958132820239236
618,73425,73425,0.6658631256384065,0.7131466302194851,15.072563840653729,73432,2.378514977397295,,38.0,20.360872326961292
619,76572,76572,0.6637804941754166,0.9043983502565507,19.813469675599436,76555,2.5686377336370803,7.0,40.0,21.293592293784304
620,79751,79751,0.6651954207470753,0.7502450206831005,17.162869431104312,79757,2.4152325974097835,1.0,39.0,22.152978470929774
621,77620,77620,0.6658206647771193,0.7289071864208473,16.252679721721204,77614,2.3944738987960705,,35.0,21.540977493532782
622,70227,70227,0.6704971022541187,0.9014830094892027,18.172853745710338,70234,2.5711558007628055,9.0,33.0,19.52045244804975
623,65363,65363,0.665162247754846,0.6821186496956914,12.922586172605296,65375,2.3472367787698203,1.0,26.0,18.143978447181226
624,52218,52218,0.6678539967061167,0.9372807764825827,14.196062660385309,52221,2.6060016043863903,5.0,22.0,14.459870613241254
625,41982,41982,0.6677623743509123,0.47242610049272904,5.985017388404555,42003,2.1394609270590736,,19.0,11.642687104070564
626,36494,36494,0.6636159368663342,0.5184118366638946,5.743163259713926,36495,2.1803503179855457,,20.0,10.13190506708411
627,37984,37984,0.6652274641954508,0.4348436518944594,5.033461457455771,37985,2.099611261997831,,21.0,10.523445232615602
628,40573,40573,0.6685973430606561,0.5503155865285967,6.6862691937988314,40575,2.2182996095724987,,24.0,11.284887872979633
629,46697,46697,0.6633188427522111,0.5905299445764766,8.178212733152023,46691,2.2549157765665258,2.0,31.0,12.999323787849205
630,60505,60505,0.6634988843897198,0.5418077480418944,9.606379638046443,60495,2.2050560442096354,,35.0,16.8382237200941
631,70057,70057,0.6680702856245628,0.8873319911529165,17.88542187076238,70031,2.5561675073054277,6.0,39.0,19.432369909786694
632,76978,76978,0.6670996908207539,0.6378954832333825,14.148587908233521,76983,2.30469232475055,,41.0,21.456546786700756
633,81836,81836,0.6632899946233931,0.7659961505731084,17.953076885478275,81839,2.4293363173401272,2.0,42.0,22.696188282212464
634,83938,83938,0.6661702685315352,0.779291578797762,18.712144678214873,83930,2.4452018907710293,1.0,43.0,23.349709078978346
635,86057,86057,0.6691146565648349,0.818980198585832,20.13578209791185,86061,2.4883175740134647,6.0,42.0,23.99875411320172
636,83979,83979,0.6650472141844985,0.7593769700907914,18.251027042474906,83986,2.4239836478578045,,42.0,23.322064108746925
637,84728,84728,0.6647507317533755,0.9122134233110109,22.039290435275234,84736,2.5766160491192314,5.0,41.0,23.571870869277465
638,82441,82441,0.6681141664948266,0.8859852872618929,20.84785482951444,82419,2.5541378304526403,5.0,40.0,22.813348078947918
639,80113,80113,0.6662339445533184,0.8174748567326969,18.76357145531936,80119,2.4842585503935024,5.0,40.0,22.22331907316422
640,79102,79102,0.6677833683092715,0.6500618813117571,14.788918105736897,79094,2.3176992527855202,1.0,39.0,21.944381985314735
641,77975,77975,0.6636614299454954,0.8125841036238286,18.157819814042963,77998,2.477552924853686,,40.0,21.685266557992644
642,80560,80560,0.6670556107249255,0.8845417611443801,20.391571499503474,80543,2.549920744544485,10.0,42.0,22.30364159668806
643,83971,83971,0.6662895523454526,0.7710174810570778,18.505686487001466,83985,2.4371947216523173,3.0,43.0,23.329888340491344
644,86369,86369,0.6660838958422582,0.8598041107411533,21.18871354305364,86341,2.525464955550991,1.0,42.0,23.94617710946935
645,84531,84531,0.6689971726348913,0.9114151907258522,21.989968177355053,84525,2.5812824991843377,8.0,38.0,23.35123295725347
646,76468,76468,0.6667625673484333,0.8936198165781684,19.548229324684836,76480,2.5610579868681413,2.0,35.0,21.18714170242334
647,69939,69939,0.6701554211527188,0.8543663527385005,17.170291253806887,69951,2.5251131495170624,5.0,26.0,19.335126052478586
648,51684,51684,0.6655831591982044,0.7754981732795702,11.637218481541677,51706,2.440536285614578,3.0,20.0,14.382754546804795
649,39645,39645,0.6679026358935553,0.7740963372383146,9.046109219321478,39649,2.4399656822017923,,19.0,10.989939858785034
650,37873,37873,0.6664378317006838,0.8700947501224593,9.706651176299738,37882,2.5373261375232765,2.0,19.0,10.48569096816125
651,36263,36263,0.667043543005267,0.4624513849149979,5.1005156771364755,36264,2.128451656230701,,20.0,10.048923853919366
652,39711,39711,0.6711994157790033,0.8113986640996211,9.447684520661781,39699,2.482671222217471,2.0,24.0,11.045493389857397
653,46504,46504,0.6652761052812661,0.5635803133237027,7.774879580251161,46503,2.228776500956941,,31.0,12.901423500647798
654,60218,60218,0.6648178285562456,0.5276278475249264,9.314308014215019,60218,2.192236431572418,,36.0,16.826384846628933
655,70831,70831,0.6657678135279751,0.6090090039322288,12.497183436630854,70806,2.275448616913264,,39.0,19.64043966991239
656,77047,77047,0.6649188157877659,0.6290908165371467,13.982828663023868,77063,2.2934402978064066,,41.0,21.406378099679987
657,81798,81798,0.6668744957089415,0.7745078243653752,18.146886231937213,81785,2.4413779826203763,3.0,42.0,22.762784316770873
658,83481,83481,0.6702842562978403,0.7186629337418061,17.19029479761862,83493,2.388762777846751,2.0,43.0,23.223203085712388
659,86196,86196,0.667003109193002,0.8126983894894684,19.998108960972665,86166,2.479209519399409,4.0,43.0,23.83398748016247
660,85561,85561,0.6648940521966784,0.7032635192262184,17.24944776241512,85562,2.3681369694376064,1.0,41.0,23.646173115634607
661,81947,81947,0.6633921925146741,0.7481465319215511,17.555078282304418,81965,2.4115934539143398,,41.0,22.794425391773732
662,82160,82160,0.6667599805258033,0.7952902868892843,18.71235394352483,82156,2.4614225344809397,2.0,40.0,22.81823850137273
663,79828,79828,0.6663701959212307,0.7554885308862823,17.29171468657614,79834,2.422240071731563,2.0,40.0,22.121743634785478
664,79942,79942,0.6662330189387305,0.7971190487266853,18.264429211178104,79922,2.4633523396492727,7.0,39.0,22.147351079821156
665,78536,78536,0.6633391056330855,0.862344277627007,19.353455740042783,78556,2.5251644668980355,4.0,40.0,21.906181224045966
666,79461,79461,0.6655843747247078,0.7070554959096549,16.150879047583093,79465,2.372858833455797,2.0,42.0,22.10153396596741
667,83900,83900,0.6670202622169249,0.7838469649889807,18.80622169249106,83895,2.4509899923983705,2.0,43.0,23.267304635329772
668,87054,87054,0.6679991729271487,0.9963799675689953,24.676246927194615,87030,2.6631402880112724,9.0,43.0,24.145731511386973
669,85021,85021,0.6667176344667788,0.6633359287270155,16.20126792204279,85034,2.3310669597952747,1.0,38.0,23.658152536002728
670,75111,75111,0.6667598620708018,0.6715243021682363,14.548534835110702,75133,2.3382527435626335,,36.0,20.869675914303734
671,70970,70970,0.6684655488234466,0.6446277506027138,13.2246301254051,70970,2.313470279511363,,,19.776982855557726
